2.394720301697045861e-01 1.715004040585435818e-01 4.990571967316153601e-01 8.997036904013648584e-02
1.384573942713477612e-01 5.198886594235431480e-02 7.462512346233276528e-01 6.330250516297028507e-02
5.504175271617132159e-01 1.448325401813773949e-01 1.562359701894585617e-01 1.485139624674508274e-01
2.603034928616324017e-01 3.858310137379905025e-01 1.958337074616144369e-01 1.580317859387626866e-01
2.341056034482758563e-01 3.346803160919540332e-01 2.385955459770114917e-01 1.926185344827586188e-01
2.474856321839080386e-01 3.111530172413793371e-01 2.141702586206896686e-01 2.271910919540229834e-01
2.460032333393210036e-01 2.790551463984192737e-01 2.488773127357643278e-01 2.260643075264954227e-01
2.191485539788036729e-01 2.856116400215555906e-01 2.879468295311657933e-01 2.072929764684749432e-01
2.407257702326416893e-01 2.865355250157190503e-01 2.434204616904697693e-01 2.293182430611694911e-01
2.444304707150556921e-01 2.796442687747035527e-01 2.478440531800215618e-01 2.280812073302191934e-01
2.116611265834156819e-01 3.128200521067289741e-01 2.861378133141676550e-01 1.893810079956877168e-01
2.235198993801096046e-01 3.018596711885724315e-01 2.660138352349294966e-01 2.086065941963884673e-01
2.249685421535142782e-01 2.722451914434657616e-01 2.637066331116303952e-01 2.390796332913895372e-01
2.044044943820224614e-01 3.194606741573033926e-01 2.947415730337078488e-01 1.813932584269662973e-01
2.425386551600143825e-01 2.852391226177634076e-01 2.628550880978065551e-01 2.093671341244156825e-01