2.394720301697045861e-01 1.715004040585435818e-01 4.990571967316153601e-01 8.997036904013648584e-02
2.305827422106491997e-01 2.318398132351620622e-01 2.310316961479752240e-01 3.065457484062135141e-01
2.128041662925383992e-01 2.968483433599712895e-01 2.770943701176259433e-01 2.132531202298644235e-01
2.038250875460177747e-01 3.086109365179132702e-01 2.480919457663643690e-01 2.394720301697045861e-01
2.138110632183908011e-01 3.065732758620689502e-01 2.506285919540229834e-01 2.289870689655172376e-01
2.152478448275862155e-01 2.984015804597701105e-01 2.937320402298850830e-01 1.926185344827586188e-01
2.142087300161666930e-01 2.971079576073288875e-01 2.959403628525237862e-01 1.927429495239806057e-01
2.273217172624393823e-01 2.802227411532243750e-01 2.532782468115681862e-01 2.391772947727680843e-01
1.931195544776789785e-01 2.928231384173178853e-01 3.174346537321476869e-01 1.966226533728554771e-01
2.311354653251886382e-01 2.950952209845490448e-01 2.798239310097017651e-01 1.939453826805605519e-01
2.188482616117150281e-01 2.917976821489533523e-01 2.735603270146437782e-01 2.157937292246878136e-01
2.219027939987422426e-01 2.963794807294942157e-01 3.047345251998921922e-01 1.769832000718713494e-01
2.345856552220025038e-01 2.808736293366888570e-01 2.778177242495056820e-01 2.067229911918029850e-01
2.293932584269662844e-01 2.795505617977527835e-01 2.706516853932584010e-01 2.204044943820224756e-01
1.983998561668464666e-01 3.111290902553038307e-01 3.107695073714490941e-01 1.797015462064005809e-01