2.251465486302189345e-01 1.698767795190812280e-01 5.157315468357459576e-01 8.924512501495393546e-02
7.345376241177174748e-02 3.720540734537624433e-02 8.252183275511424387e-01 6.412250269170953476e-02
5.919368345495872319e-01 1.324321091039598053e-01 1.472664194281612660e-01 1.283646369182916691e-01
2.804163177413566133e-01 4.042349563344897478e-01 1.794473023088886121e-01 1.359014236152649713e-01
2.303182579564489185e-01 3.480497726728882246e-01 2.430007178750897279e-01 1.786312514955731012e-01
2.455132806891600905e-01 3.116774347930126865e-01 2.196697774587221819e-01 2.231395070591050411e-01
2.318094782192436643e-01 2.894925801819052125e-01 2.494016275730014387e-01 2.292963140258496846e-01
2.020105313547151671e-01 2.957156534226902944e-01 2.972714217328865649e-01 2.050023934897080014e-01
2.458408138839018597e-01 2.950329144225015132e-01 2.390185517654099256e-01 2.201077199281867014e-01
2.567632271965525348e-01 2.844146516638735855e-01 2.553267895618865357e-01 2.034953315776873439e-01
2.165688974021309776e-01 3.225188555010176095e-01 2.960612953429905270e-01 1.648509517538608860e-01
2.293786663474201015e-01 3.165329821620974649e-01 2.650544714473841990e-01 1.890338800430982902e-01
2.235265931959750929e-01 2.795879252515572344e-01 2.702443699089602247e-01 2.266411116435074202e-01
2.010303102911225603e-01 3.325745776925841390e-01 3.015454654366838128e-01 1.648496465796094324e-01
2.427510184519530434e-01 2.979870596693026674e-01 2.606038820992092053e-01 1.986580397795351116e-01
