2.251465486302189345e-01 1.698767795190812280e-01 5.157315468357459576e-01 8.924512501495393546e-02
2.405790166287833376e-01 2.267017585835626181e-01 2.231128125373848525e-01 3.096064122502691918e-01
2.110300275152530158e-01 3.069745184830721119e-01 2.734776887187462813e-01 2.085177652829285910e-01
2.063643976552219095e-01 3.182198827610958070e-01 2.313673884435937245e-01 2.440483311400885313e-01
2.196697774587221819e-01 3.047379755922469680e-01 2.391720507298396858e-01 2.364201962191911921e-01
2.212251734864800201e-01 3.015075376884421843e-01 2.891840153146685855e-01 1.880832735104091824e-01
2.182862613690761122e-01 2.957156534226902944e-01 2.909286740067017485e-01 1.950694112015318449e-01
2.345619913834370573e-01 2.724988032551460271e-01 2.405457156534226981e-01 2.523934897079942452e-01
1.971274685816876149e-01 2.902453620586475380e-01 3.224416517055655462e-01 1.901855176540993286e-01
2.361742877663394746e-01 2.917165429734259186e-01 2.747186976298778838e-01 1.973904716303567231e-01
2.277026218125224599e-01 2.906740093379623913e-01 2.667305159822818128e-01 2.148928528672333360e-01
2.302166886148689084e-01 2.934275110738656656e-01 2.966598826768825359e-01 1.796959176343828624e-01
2.319118351701006109e-01 2.884523239099185399e-01 2.644944896981312743e-01 2.151413512218495472e-01
2.297831556247753593e-01 2.828561159698095295e-01 2.555409129028393678e-01 2.318198155025757712e-01
2.002156721782890059e-01 3.144021087946321513e-01 3.056554037862448947e-01 1.797268152408339204e-01
