7.345376241177174748e-02 3.720540734537624433e-02 8.252183275511424387e-01 6.412250269170953476e-02
5.919368345495872319e-01 1.324321091039598053e-01 1.472664194281612660e-01 1.283646369182916691e-01
2.804163177413566133e-01 4.042349563344897478e-01 1.794473023088886121e-01 1.359014236152649713e-01
2.304103361646129833e-01 3.480081349443713279e-01 2.429716473262351906e-01 1.786098815647804705e-01
2.455132806891600905e-01 3.116774347930126865e-01 2.196697774587221819e-01 2.231395070591050411e-01
2.317540081359176773e-01 2.895429528595357960e-01 2.494615936826992120e-01 2.292414453218473425e-01
2.020105313547151671e-01 2.957156534226902944e-01 2.972714217328865649e-01 2.050023934897080014e-01
2.458113930110100431e-01 2.949976065102919986e-01 2.391096218286261343e-01 2.200813786500717961e-01
2.567324955116696561e-01 2.843806104129263934e-01 2.554159186116098379e-01 2.034709754637941403e-01
2.165429734259037564e-01 3.224802489825233653e-01 2.961455590136461424e-01 1.648312185779267358e-01
2.293786663474201015e-01 3.165329821620974649e-01 2.650544714473841990e-01 1.890338800430982902e-01
2.235125104752783420e-01 2.794205674607925238e-01 2.704417574524123347e-01 2.266251646115168272e-01
2.010062290368950511e-01 3.326545280306660302e-01 3.015093435553425905e-01 1.648298993770963006e-01
2.427219360249191216e-01 2.979513597699772198e-01 2.606924643584521140e-01 1.986342398466514891e-01
2.677929547088425677e-01 2.867241792475437312e-01 2.592858854541097435e-01 1.861969805895039576e-01