3.074012768976117256e-03 1.891700165523764465e-03 9.929061243792859370e-01 2.128162686214235023e-03
2.247191011235955254e-03 4.376108811354228675e-03 1.182732111176818543e-03 9.921939680662329453e-01
3.638083973979893693e-01 3.654642223536368889e-02 5.807214665878178694e-01 1.892371377882909669e-02
7.038438793613246425e-01 9.710230632761679415e-02 1.291543465405085855e-01 6.989946777054996396e-02
4.234681807428436473e-02 6.150934468890466300e-02 8.540335935651762744e-01 4.211024367163473253e-02
1.353205583155902558e-01 1.975396262124438085e-01 2.594038325053229510e-01 4.077359829666429847e-01
2.124438135793706994e-01 2.557369292642536207e-01 3.877454459427490119e-01 1.440738112136266957e-01
1.469300839938483261e-01 3.286407192712646474e-01 3.049804803028510758e-01 2.194487164320359507e-01
1.678693954808943567e-01 3.363302969359990291e-01 3.205962380220040431e-01 1.752040695611025711e-01
1.587602034780551397e-01 2.862888915178043447e-01 3.562048976694664471e-01 1.987460073346740685e-01
1.574588903347923785e-01 3.200047320477936719e-01 3.558499940849402798e-01 1.666863835324736698e-01
1.558026736070034224e-01 3.094759257068496194e-01 3.352655861824204164e-01 1.994558145037264862e-01
1.552295314718409869e-01 3.160198769522006845e-01 3.226455276857548293e-01 2.061050638902034993e-01
1.633932796971131196e-01 3.085660198769522022e-01 3.338854708944628547e-01 1.941552295314718513e-01
1.657595835305253062e-01 3.099858021769995031e-01 3.392096545196403024e-01 1.850449597728348328e-01