3.074012768976117256e-03 1.891700165523764465e-03 9.929061243792859370e-01 2.128162686214235023e-03
2.365464222353637087e-03 7.687758722649319990e-03 9.863985807214665780e-01 3.548196333530455413e-03
9.878178592548787496e-01 4.376108811354228675e-03 4.730928444707274173e-03 3.075103489059728083e-03
2.767593140153755057e-02 8.099349497338852455e-01 7.924305144884683655e-03 1.544648137196924786e-01
1.898509581263307378e-01 3.791104802460373846e-01 2.572746628814762127e-01 1.737638987461556650e-01
6.647740714454695998e-02 4.606103619588360343e-01 6.813342796309439231e-02 4.047788029335225857e-01
6.742370475514548878e-02 5.294535131298793162e-01 6.848828956706884408e-02 3.346344925479063370e-01
8.375724594818408086e-02 4.842067904885839491e-01 9.783508813439015239e-02 3.342008754288418038e-01
9.274813675618123754e-02 4.425647699041760363e-01 1.275286880397492051e-01 3.371584052998935488e-01
7.949840293386963019e-02 4.023423636578729590e-01 1.177096888678575703e-01 4.004495445403998821e-01
7.240033124334556425e-02 4.146456879214480140e-01 1.309594226901691638e-01 3.819945581450372440e-01
6.494735596829527557e-02 3.816396545605110768e-01 1.183011948420678999e-01 4.351117946291257477e-01
7.311878845243728609e-02 4.105537150970184346e-01 1.237576904874585909e-01 3.925698059630856607e-01
7.240889730241363564e-02 4.053478466635115907e-01 1.392569805963085605e-01 3.829862754377661993e-01
8.057264552768575450e-02 4.033364884051112154e-01 1.429247515380974998e-01 3.731661145291055304e-01